-3125
604
4805
4251
-4782
-4523
-2281
4451
1698
4072
-43
1588
950
-4744
-3570
2722
4629
4395
752
-1463
-4010
851
2148
-54
-4979
3947
922
-1279
-839
389
-3194
875
4991
-2392
2693
4177
4132
3309
671
-966
-3030
-3438
2381
4337
-838
-4559
-1453
2951
1423
-2343
3204
-788
4015
-950
-578
-2761
-2384
3533
-4427
1024
-2380
-1412
1271
-4652
2606
-779
3724
-2704
-3080
4813
-496
-2325
-2706
36
3786
-4908
-581
2510
-2752
3168
-1564
4192
-2008
-3974
4391
738
1339
-4380
-1377
4689
-4358
1954
-4288
4191
-4556
4816
1582
-590
4852
-365
716
-2354
2895
2612
322
3969
3966
-3124
-1787
-1441
-61
-255
-201
-1899
-3708
4058
3808
-4477
452
2415
3285
-2389
4031
-3171
4026
510
4149
-4551
114
-4919
-1920
2708
4399
-2528
-511
-1169
-2120
2254
1655
-836
-4192
-1625
-4064
3331
1331
-4066
2465
4684
1958
-653
-1822
-733
-4135
-1998
2672
-4366
-2129
3598
-3097
3756
-3172
-3127
4126
-589
-3827
-2820
1977
-743
4469
725
-4417
4037
2019
1477
-1623
-1983
-4533
3189
-2164
2576
-2588
292
-3031
3678
-1292
-1967
-2908
3245
-2017
-71
3960
-3179
-354
3158
-3046
323
2305
3101
-4763
1641
-2221
-142
-4351
3518
640
-750
-4409
1835
1957
480
-3831
-19
-529
1821
2421
-3937
4498
4482
4125
2837
-4333
-3709
675
-3532
-481
2101
-2758
-1485
647
-572
2679
-2279
915
-4999
-896
4604
-4471
4630
1217
4212
3925
-2826
-2101
81
1916
2815
4967
-3202
-2928
4954
-989
-3409
3234
3480
-3312
-1605
3986
-205
-289
-558
-4437
-1215
-4184
-4210
1055
-1835
4383
-602
926
4158
-4653
-2003
1515
-636
-2344
1955
-506
-784
4884
-888
1888
-204
-4682
-4307
-1919
-2200
-1403
-3504
4291
-709
3390
-4857
4096
3253
3212
-2002
-2237
-4592
-1284
-4872
4515
-2104
2626
-4069
4480
-2688
-868
-2812
550
-1619
3573
1864
4610
4144
-3370
-4554
1970
4093
293
-1855
-3651
-4383
-4944
1844
-4365
-3833
-1942
-324
1546
-1045
2912
2283
333
3666
-3204
4611
2430
4261
1472
-381
-2662
-1029
771
1152
1241
-3293
113
-3695
2389
2162
2131
2937
-1516
-3787
-4276
3435
930
-1856
3404
585
-36
-2489
1436
588
3114
984
-3216
628
115
337
-3195
-600
-818
3003
-3666
-2606
-1683
2881
-2266
3092
1492
-4918
-3395
4465
3674
2940
3410
-4508
1869
-1662
1117
-2562
2572
-3313
22
2514
-4688
-4385
-4603
1756
-990
278
2056
-2807
-3274
1170
4796
321
2234
-1667
-1272
-2940
-4055
2800
-143
3220
2969
2152
-4140
2073
-17
2053
-4828
-1877
-3529
-3065
-4223
2374
-4807
-1443
2124
-159
-2425
1921
4725
-933
-2573
-1912
-3945
1993
3140
-738
-811
3136
2845
-2116
-2019
967
2729
-2498
2743
2942
-335
-890
2171
4502
-3600
-3866
4513
3471
-638
2567
-4280
605
3915
-4394
2964
-4731
-4309
-4645
-4785
-3598
-692
-1656
236
-3221
-4154
-296
-957
714
-1002
2170
-2212
-4159
-3624
-2254
422
-4134
-4876
3183
1768
1344
2603
381
4958
-4683
-1854
2565
3142
3243
4135
-2333
-2092
2529
1922
434
-2995
-4161
-264
2515
-3255
-4125
-3056
991
4363
3236
-4608
-2547
4316
-917
304
3206
-2978
2757
694
1059
4499
-3439
-3985
-3832
-2170
-257
-4377
2936
4159
2644
3998
-1873
629
-2021
-2340
-4702
-285
-490
-1034
-2543
52
1520
-3577
201
3764
-4869
-525
1265
73
4142
-2621
-1527
-595
1790
2410
-2780
692
3771
2867
3531
-3742
-422
4968
272
-803
1723
2405
-4343
-3398
-4067
-190
-936
-3982
3997
-987
2437
2532
-1096
-3349
-544
-3998
-343
2719
-4777
3071
1206
-4949
-4992
4595
683
-4718
-2413
-4372
-523
3150
4231
-3106
1614
3393
-2138
-3878
4951
-1925
2918
4726
-1334
-4576
-3873
4695
1750
1636
4747
-3085
1794
4041
-1802
171
-49
-616
287
-149
-540
-66
-2566
-4933
536
2460
1849
-4082
1222
796
4653
2997
-186
-294
3076
-538
-2370
-2950
-923
-826
3963
2177
-2587
-1260
2706
1738
3417
4745
-1259
783
4943
-2423
-4819
1424
2113
-2676
-1652
-2174
-4950
-1078
4049
-4525
-4791
4375
4450
2243
2256
1466
4439
690
4384
600
4035
1136
-3083
-2366
-641
-626
4912
1183
-2044
-3553
-4890
3655
-1188
1368
3488
-1531
1882
1903
1709
-2833
4717
-28
87
-7
1425
2313
1112
580
1561
-2609
-1631
-3846
-3227
2064
-2853
592
-2303
-1810
2828
-1908
3295
-1274
-4983
1102
233
4237
2671
-4743
840
-3751
1766
-2944
468
3641
769
-3837
4146
-2756
-3066
4089
-3688
-101
-3032
3644
2360
3437
1021
-4268
1847
2609
2507
1885
1046
-2195
1710
2009
2159
3073
-2800
3841
-4884
2762
-4754
1799
2952
-50
-3655
-2057
3881
-195
570
-749
3897
3673
-2872
-246
2301
-468
-4534
-526
4341
4723
2666
5
1541
4179
-2193
3486
-3063
1106
1727
-1314
3306
-2541
-84
-322
-145
3686
-1000
4559
-2262
2455
2334
3608
2158
-3820
4272
-2727
777
961
-1577
670
-3167
-1302
3775
-2744
1721
-367
4625
1924
2280
825
-1944
3822
2352
4552
1311
2833
1300
1511
-2046
-691
-3706
-2889
-4967
3090
-2717
-2711
-2795
-2064
4099
-4694
-1844
-851
1326
-168
-4978
912
1353
-1155
3075
-4934
-1398
-2214
4344
-2153
-2223
-1710
-3136
-2291
-1936
-2532
-4461
3839
1172
1682
2174
-3226
2675
4478
1560
-1870
985
-2156
2038
-3185
-1933
4716
4184
-413
1810
3501
-2658
2518
-1519
787
-1070
-2561
4021
-1181
2802
-3879
-2851
-2288
1131
1536
-127
3169
1948
1851
2611
-3162
2109
4587
2958
-2088
411
654
-4524
-3515
-1720
-2778
-3452
-281
-1341
1894
2892
-1056
3336
295
-2132
-4212
1679
-3473
-842
-2958
197
-4561
759
3610
-2491
-1098
-3007
-4059
-4969
-1632
-1220
-3951
-534
-3177
1605
-1373
-3327
1937
-3535
1573
-1717
-2496
2690
3725
-2635
1441
1913
2125
-3245
-4845
4003
-2863
2193
-4168
1294
3367
3774
4574
-1546
-2331
-471
2021
-627
277
3479
-378
2568
305
-1718
-3932
417
3844
254
3430
-4132
-85
-1783
2793
213
1288
-1677
-4635
-2229
3730
-2834
2409
138
-2955
2749
944
2863
2566
2591
-1432
-4176
3412
4752
2871
-2737
-330
558
918
-1049
-3035
2327
-1027
1545
-4298
-1736
-1791
2068
-1173
2835
2211
376
1928
-3575
-2159
-4347
-2847
-417
1680
-4110
-2428
1360
-509
4883
-3824
-2649
-3963
1671
-1672
-2087
261
-537
4196
-387
-4982
-3939
-1433
1763
-1700
509
-4439
1991
2887
4185
-2722
4872
4486
-16
-4014
4476
-2115
2359
-2263
160
-3394
847
-1383
2746
3985
-359
3182
2600
1044
1390
-2673
-2957
-247
4579
-4519
-3903
-4739
-2927
3144
-3340
2420
-1511
-3919
-1987
652
16
-4757
2151
1621
4136
-2426
-1622
3656
3805
2547
1961
-3764
1215
-2517
-2542
-3116
-772
813
-105
616
-4566
-4235
-3760
-4956
1711
373
-67
2258
-761
2595
-4305
1834
-4091
-426
3493
-3191
2928
-693
2037
4596
4244
595
2482
1048
4194
2156
4100
398
-3266
4753
-1891
-3347
49
-2846
1304
-1764
309
-568
4357
-1965
-4185
4109
1544
-2161
-181
-4287
-2981
951
-1474
-911
-4257
1057
-857
-1165
1165
343
1384
-90
-1146
741
4007
863
-1990
3405
1979
-2857
-4318
4555
4909
-4260
-1781
1637
3078
-1832
-2565
3401
-3672
-3623
-171
4269
-4251
1505
175
-2070
-125
911
-3385
4917
1127
-4048
3
4065
-4530
2739
4218
3088
999
-1410
1279
118
3249
4342
2445
4431
-3230
-3683
-4215
650
-3713
1058
3511
-4072
-1365
3861
-72
-4230
-3261
-2998
-3744
2328
-469
4348
-2069
-4708
2286
925
3264
2230
3525
-213
-2029
1742
4260
2933
3059
4948
-1715
2065
-476
-2879
3532
651
4519
-1635
2879
-1857
-3487
-2243
-1120
181
-4685
-2412
-2264
4916
2376
547
-983
-460
4281
3460
-467
1517
-2651
4908
1054
-1414
-112
-1273
-3176
263
291
1500
1729
562
2270
4034
4271
4963
-203
-76
1501
-758
3027
621
-2989
-2572
1289
3134
-4787
-645
-1242
3860
-1097
3690
1378
3754
-1263
4223
-1360
4472
-269
-3411
4477
1488
2904
-4545
-21
-3737
-3656
4083
4300
3659
1081
819
3160
1737
-1621
-2595
891
-876
-435
1375
-820
-3997
593
1306
2677
-2987
-1742
3981
4150
-2342
2207
3649
-1397
747
-3291
-1722
-3
-4820
-1283
-1808
91
4265
4970
4296
-2798
-4662
1902
-2166
-2265
-4136
-870
-3446
-1438
3840
4829
-1571
-482
-1671
-3443
-3716
698
-1170
-5000
-1118
-445
-3627
-4384
3924
3585
1555
-2581
498
-2715
4550
-3491
1270
-4220
2418
-3303
162
-3417
-2767
904
-821
4750
-860
4501
-2497
-3244
-489
1374
436
3310
2876
-2230
-3697
960
-2452
-2326
429
-493
3594
-1798
3116
2030
-1618
3817
859
-1191
-635
-2760
4802
3597
-1747
-3693
2257
-4607
-3855
4775
-1293
-1450
-3363
-608
4070
886
-4428
2457
3546
-3259
-2110
4921
3536
3534
3900
-4297
3244
169
-2284
-2246
-1797
666
344
-2308
2702
-2754
-4778
3916
-1249
943
2601
2244
-2022
4064
421
3478
-233
2949
4807
-2519
3327
-1382
-487
-2570
-723
-2472
1377
-2400
-1069
-256
4808
-2456
3760
-2661
4214
1984
-796
970
1848
-2479
-2215
-1160
3108
4120
-3399
-714
2284
2425
-87
-1528
-4896
1434
-1389
-3369
65
4780
-2636
-208
4819
-3289
-3956
-147
-1929
-4843
1287
1319
-1551
1554
1850
4297
2260
-164
3887
-3643
-3004
1163
3223
-2687
-1356
-1534
-4130
4746
-4050
-1077
3242
3121
2959
4685
-3720
-1051
-4666
-1789
4710
4274
-3527
-1407
-3983
586
1412
-2244
872
2807
-2301
2249
-1545
186
2627
-4470
-4888
1208
4549
320
-1746
478
-1991
2093
942
4623
-3835
3355
-4451
-355
3477
-2257
3940
-832
3203
1728
-3557
-2804
4734
-4181
3714
450
4918
2180
-345
-4903
-2510
3427
-4051
2095
-68
-2192
-1526
-4697
2306
-437
-4865
1839
3289
947
2588
-4639
24
3618
-1348
-4657
4392
-3241
-1203
2943
791
-684
-1276
3734
-4905
981
4929
2560
-119
327
3334
-1730
-240
3688
1105
1041
-157
-488
-2799
314
3847
2504
4966
4659
-1251
-2253
6
3988
2688
-4838
-4128
353
-4106
-2484
3475
-1164
2731
-1888
-3848
-4713
-2670
475
2338
1627
-1420
-271
969
-1066
579
1842
-1513
3408
2914
3728
-4087
-2552
4433
1345
-4000
1503
1872
174
2326
762
-1313
4233
-3920
4137
4432
-2012
2646
-669
-4726
-2137
2620
38
-2280
-2975
-1290
-3338
1670
-3039
895
2607
4870
2245
4068
-12
3383
1765
-1415
1873
-3384
-47
-110
-2603
962
-3512
-1674
-652
216
-3670
-2550
980
1130
-3375
3571
-4042
-3055
-2675
2431
4859
-2937
3341
-32
-230
1917
-4282
-4344
-3021
-1801
4754
-2218
4997
4706
2980
2246
-268
4619
265
4254
2500
161
-2743
-4906
3773
4208
-2185
625
3922
-1838
-2560
-828
-1337
1188
-3163
4229
2380
-3388
954
574
-2473
-4323
2216
-4722
4495
-3991
1797
127
-4316
4496
974
3324
3849
2072
-651
1896
3361
4944
3848
1238
1045
4548
4418
-4614
-2037
-668
1557
-1172
-1085
-334
2310
-921
-2797
4353
3797
-1580
-2239
554
4790
3491
2534
2501
1120
-82
2240
4965
4906
466
1910
2587
-325
-2997
88
-847
3550
3875
2755
596
-1922
-189
1125
4468
2659
-4084
2525
4919
2324
-2844
4029
4161
108
4539
3993
1739
-2681
1656
3580
-4032
3795
-2773
-4753
4822
-1824
-4436
-4575
973
-4180
218
-3520
-1294
-1663
-3826
4672
2630
-1927
465
3315
780
4843
-4825
3752
-1277
-2921
2794
-1053
3517
-3791
4901
4364
-2217
2847
826
4033
838
-2803
-4707
1426
3161
-1143
164
4053
517
1
2953
4899
2432
4355
-423
4376
-4060
-3275
-2227
-3014
-631
1225
-1691
-880
-200
1078
4683
-3307
-4193
-3634
-1875
144
-3768
-3647
-2024
-1928
4116
-4582
-319
-3325
-505
2963
4009
4926
789
-1150
3125
-4080
899
-3541
1877
-4074
-4537
1266
3087
2971
-562
4207
264
-3746
-4656
1780
-3036
3495
3359
4189
-4866
1579
-3812
-865
-4981
2298
3013
-1994
1718
-2228
-3563
-2906
-3269
-1892
-918
3085
2165
-1613
-4119
2578
1361
4520
3042
-2270
154
-2321
131
4598
2001
-2074
4863
1187
-3077
-4058
-2616
-3061
1783
177
-3425
-3954
3035
260
-4024
-2597
2282
4862
4871
736
4050
2299
3123
-2184
-1566
2777
-906
-3610
-100
-2671
3384
4369
1592
-863
-2590
3467
2521
3615
-392
2563
-1529
-4945
-2612
2399
-4476
-485
-3806
-1030
-806
-384
2911
-2349
-3957
-501
901
3697
-4177
-439
-2194
1192
-215
-2816
-2356
-1594
-2049
-3496
-1902
-163
-3011
-4320
-2335
-135
-3235
-4445
2665
-1741
-3562
1654
338
-953
-949
-4473
408
-2409
1150
-3183
1042
4492
-4920
-1179
2215
540
-1961
1646
4038
797
-1355
3581
2779
-543
-3387
3979
1119
4527
-2768
-4974
2392
-2516
-3530
-4686
1762
380
-1745
-1887
-369
-4917
2511
-618
-3792
-2530
2459
2615
-2751
1030
-1749
2290
569
4268
-2867
-607
-640
2486
-4264
-1775
-314
2378
1808
2657
2713
-2329
-2387
-326
-2970
-1916
-3711
-2911
-2093
3130
-882
-1416
-3799
-2679
-666
1285
-3448
-3599
909
-1905
2908
3889
-2947
-2817
1487
-4460
-3188
1292
-2638
-3748
3304
530
1652
3870
594
4833
4830
-380
4315
-2933
-22
3757
-3351
-2365
2901
-522
-1396
1015
-3763
-1576
1668
-4269
-1091
-2177
3633
3497
-1737
2613
1693
-3405
-4746
4322
-1955
3692
1933
-2793
3425
4160
-277
3957
-3423
-3807
1745
1974
-3692
-3189
-1960
-361
3045
-2883
2717
-1376
158
-2678
548
-3992
296
3955
-4875
2464
3352
-4932
523
-2819
4898
3287
1665
4915
2375
-3344
4510
2854
1558
-2020
1396
4571
-394
833
2474
1074
2861
-4402
1960
-3113
2697
4195
3920
3711
589
75
3128
-2016
2869
404
2778
4902
-1132
-4293
-682
1952
3175
3859
-4481
491
1857
-1608
227
-3120
-894
-393
-2835
4782
4989
3434
-1124
1613
-2147
-2105
-3339
499
-3671
1302
-3243
2938
-4131
-3500
-3596
-2574
-4047
-4880
3951
-2309
303
-450
-4070
2368
2091
1182
-2060
2185
-4115
677
-2236
48
531
3286
-2337
-379
-4034
-3973
-1125
-494
-3944
-4781
3508
2307
-1371
4282
1201
-4878
-226
4309
4247
3851
-615
4609
2704
-1074
-1466
1219
-3081
4078
-695
1242
-557
4803
2279
1504
2263
2300
-833
268
3007
-2131
612
-1489
-2290
3273
4202
-3922
-2805
2314
1650
2724
-2589
2060
-3638
4173
-331
-4334
-4997
2098
-1399
-4859
-4804
1414
191
-1650
2039
-4354
-3755
-3629
-4458
-2460
-4434
-4304
-306
431
-4971
-1225
-2881
4452
3215
-1590
-1518
-1351
-745
2118
-448
-2837
1354
-4100
3927
4850
-2699
-2771
-3389
1651
1216
2647
1454
-4151
187
-2502
4832
1465
2265
649
-2259
-2442
-308
4263
-4856
-2000
568
2494
-1785
251
-3718
4644
2736
3209
712
331
-503
-3358
-527
366
-248
871
-341
-4863
3906
571
1920
-4870
3894
870
4182
-2568
3098
3812
4175
3077
95
-3948
-2197
-407
4412
-4671
-438
2831
4046
3345
4512
-3234
4825
1998
342
-1067
311
-3295
4205
4326
-2467
4656
-328
1889
-3240
-94
-3912
-2836
-2485
-4227
1939
3684
3929
1707
-2749
1043
2931
1062
-4376
-3114
-830
-3896
4896
1485
2910
-4121
-2242
4516
1272
-3845
-4577
-3377
-580
-1072
-2854
-675
829
-3400
1082
1576
-3531
722
-794
4585
2008
4767
-1367
346
3151
-3803
135
-1481
3984
-2512
-3131
-1637
-1331
-1018
1816
-4133
4714
-3591
1327
2208
1177
-2674
-3331
2408
-4363
-2398
-2973
2154
-2154
810
4848
-4679
-2399
3879
1463
-4390
545
-3950
4454
-3549
1280
-3360
-3778
-3960
-1980
-385
2526
2267
3999
4658
2552
-2235
2484
-95
-2435
-2926
750
2899
235
1035
-4924
-4086
1647
-2878
258
-2558
2643
2342
1854
-3714
-104
3371
3020
2370
-1388
-4418
2134
-4095
-694
-2829
-3215
-3219
-2584
3548
4398
1347
4721
877
3052
4517
-2932
-1889
-3308
-1946
-1886
-4096
-2746
-2858
-1196
-79
-4431
4698
1357
443
-1535
-4737
3835
-2320
1483
2281
-3075
-3935
-1704
-1508
2351
784
2137
4211
4837
-196
1437
1986
-1964
3201
1971
-4579
1075
-217
-276
19
4565
824
1590
778
2909
3514
-2941
-3772
1196
-4993
1572
4455
1297
3141
916
2289
-1706
3191
-4848
4712
-1729
-134
-458
1880
-3769
-728
2766
-4946
-800
-1318
-3324
-2576
4422
3180
3102
708
-922
-4723
4891
-4419
-3278
3790
1282
3762
3335
3679
-1583
-680
-2241
3956
-1363
852
3975
2838
3484
-2056
-1610
686
2032
1321
393
-320
4814
1450
-2149
3083
3448
3268
-2723
-2023
249
-2897
1791
262
-3043
289
1143
613
-3615
3041
4715
-1304
-3761
4711
-1668
-2907
-807
13
-56
2070
198
1490
-2618
-817
-4475
4350
-3727
-4463
4935
2641
-3853
-4539
-1214
-1725
1065
77
-2026
-3934
-1044
3865
-2969
-1380
-3418
-3516
-1843
-1642
-510
3909
3715
-4988
1032
-748
-722
-646
147
-2351
3241
1863
2660
4010
-3148
3446
-4153
4533
-866
-845
1169
3450
394
4203
-4443
-3416
2241
-1636
4667
2795
1741
3482
-1468
99
2716
2684
302
4875
3456
129
477
3612
-465
-188
-2461
1522
-2150
2028
3671
4067
4503
-3909
2870
-1405
-3109
-4822
-1521
-3639
60
-2630
-1837
266
-1538
-571
-1820
-2294
3369
-2777
-3027
-3781
4186
-812
1537
3388
4258
-1336
-1023
-14
-3735
1975
1901
1325
3095
2167
-3157
2614
-1193
-1055
-1275
1411
-3041
-1238
1317
-1676
1822
-207
-2644
3436
-3995
4073
-2142
-2556
-1923
3974
3639
1513
3729
3919
-2913
-338
-4585
-1130
4289
-4111
2414
-2580
-1659
-4217
-1661
1664
4103
-3684
3457
-459
-2224
-998
3252
-3654
-1890
-472
497
-273
-2990
4336
-2487
-3733
-3788
1351
4654
-542
2527
4172
-2622
963
2574
4688
1275
-3112
1475
1720
-1950
-1361
-2598
2045
2599
794
555
4437
3034
876
212
843
4937
1160
-3910
2686
4681
2524
-2782
3023
4853
3091
-1848
2160
4509
4708
-1022
3807
-3994
1855
2661
-2483
-1309
4197
1596
211
-4273
3221
-2360
2662
367
-3540
-3147
-3524
-1696
-231
-1209
2273
2537
-3174
937
-3872
3402
2483
939
2922
-1523
-4936
-1161
-2427
-2821
-3008
3395
3948
-2880
1132
2505
-3117
-4054
3016
-2951
3648
1227
-712
3928
-4526
2248
-1915
-4425
4866
-4265
2944
-4039
-3288
-3926
4601
-1586
1167
696
391
1079
1429
-456
438
-2054
-4620
-2938
3503
3801
-3547
-4083
1498
-2608
-4209
2479
880
-2714
-1025
-4182
1389
-4824
-1306
282
4620
-4506
1110
-1703
1088
-1345
2712
3498
228
-3776
4521
3504
-1205
-198
2544
1205
1467
1786
-3040
-4229
781
1782
-2887
1825
-57
1056
1807
-4107
3190
-1115
3743
3093
-2352
-2791
-2033
-492
-4882
2473
-2599
3319
-83
-4441
-3618
-4756
-1948
2012
-985
-1268
-1451
-4253
1685
-913
-2053
334
-4002
-1633
-3635
-1874
4440
-4591
-4616
-2018
4222
2699
-1144
920
2040
-3558
-897
3563
-970
1601
-3005
-1986
-724
-4240
-2892
-1952
2695
-3192
3462
-4790
-853
-2171
-564
2968
3651
2685
-4795
-3184
-1250
3374
-1553
4776
153
500
-4911
2663
4245
-2792
2366
1224
-3280
1002
3058
2984
-55
488
-1491
-1095
-3521
-2357
-3379
1129
440
-3874
44
1213
-583
-2078
-519
3272
4981
3961
3707
-4312
1953
-4998
270
-2963
-4332
1583
-2067
-4695
-700
-3382
-44
1161
3001
1406
1861
-1004
-1770
-1310
4102
-4485
4168
2231
-3353
-3242
-3556
-3569
1612
1978
-474
2493
-4940
2461
3270
120
469
1516
-3285
2209
3385
4110
3411
587
-4596
-4381
2172
-2285
-4590
1639
-3717
3420
1525
-1266
3695
-2345
-2571
3934
26
-1127
-3437
-642
-2371
705
2197
230
-2100
-62
-3730
-313
485
-831
1853
-4527
-2513
-408
-1786
-4391
-3564
-2396
4821
285
-2438
-3609
-2181
4827
-3205
2087
4157
1800
4856
-4019
-1911
-4742
-3166
-4650
-2198
-122
-2531
4523
-3657
-3469
-3839
192
1189
96
3681
-3918
-4196
4627
-3296
-688
4479
733
-3105
774
163
4018
4426
4887
-4881
-3299
-4898
-2828
4286
933
2602
-4403
3995
-4833
-1893
3386
-756
2849
-2407
-4943
-1543
1598
2585
-2709
-2862
-2094
1967
1874
726
-1465
-2693
919
-2868
526
-3012
1817
-265
-2794
3650
2528
271
3222
-1903
-454
4441
3192
184
143
-1570
2765
1564
173
-944
-4512
-3383
-4543
3444
-2685
-566
-1740
-3933
1025
-915
2868
1936
1930
2364
2499
-3783
-1689
3392
2531
-3359
-4600
3022
-4467
387
-2028
-1751
-546
-1011
-4510
-734
2074
-4194
-996
-4382
-4973
-3033
-1507
2033
-3952
-1010
-4199
-3318
-11
3624
-1421
1898
4959
-4948
-704
2782
4122
4283
-1099
-3459
-2077
2741
3329
949
3868
1410
619
-1552
395
693
-351
921
-609
1096
-2276
-4954
3814
-637
-3034
993
3682
-4129
-1859
1038
2135
3823
3074
742
-115
887
-118
1836
-390
-4801
2419
3713
-4430
3718
-649
-3110
4317
-4853
-1156
2689
1168
-658
-4446
-2962
-1958
-4690
4903
62
-4516
-560
1363
-3329
3105
-2111
-3488
-1347
975
-4341
4773
4558
597
-735
4022
-582
-4897
-1060
-3281
-867
-1469
3791
-697
-3218
1039
2223
4128
1469
-2034
2371
-4736
-1940
2391
-1402
148
4799
-1556
4867
1367
-4090
4622
2855
-573
3539
2442
4980
-3316
9
3577
453
4066
-2205
4744
-38
-93
3676
-4472
1422
-107
2512
-1321
-1542
3723
4971
2541
-3696
-3969
-4028
-1157
-2583
-1515
-994
1180
1456
-4798
-611
3185
2844
-3667
1135
-2208
4417
-3946
-2605
-3223
-2521
-4006
-48
-1643
-2865
-4157
3308
2441
-1688
2903
-625
-3902
1524
-3925
4580
4895
2054
844
2851
1749
-1512
3214
2508
-1690
2472
4429
3978
850
-373
-2895
-1778
-3454
2071
4224
-4339
-1192
-3613
20
-681
-1105
3964
1802
-2643
2079
-3258
4504
-3784
1899
3520
-130
-974
3737
1673
-954
-2925
3050
-4299
-2716
3896
2946
1949
-1163
3662
2645
3298
4312
3167
-4489
-939
2667
2744
-2382
2312
1017
504
4345
-4995
-3574
78
3178
3485
2082
-3302
744
-2840
-3374
-1654
-2220
3164
-4448
3832
2127
-4480
-1495
2549
1385
3154
-1248
-4602
-1065
1754
4071
-2196
-1591
-2511
428
3089
-2443
-1007
3586
-1974
4152
3224
-60
4209
-161
3261
189
459
-4847
-4595
-4097
-4263
658
-2725
4537
-4907
-477
2843
-3583
1900
-2988
-3786
537
-768
3275
1349
3954
3072
896
2934
3783
-2559
-3757
-4483
279
3312
-3506
4957
4660
-4958
4947
-1435
3564
1510
1154
-1954
-3719
-4687
-34
2349
1239
4690
-194
-3238
1171
359
-2361
638
4603
-184
626
-963
-1261
1856
-1200
3464
-3153
241
-3907
-1701
-3175
3885
2874
3403
-1681
3321
584
-4399
418
-3265
2733
-374
-840
2821
-1600
-3498
2196
2593
-4813
-2204
1415
205
2426
2329
-97
-3378
-552
-2501
4005
590
-4921
-4793
-293
1940
-902
-1366
809
1823
-4792
-1137
1581
150
-3060
-4877
-117
-805
288
-3620
2642
276
2140
37
-2918
-3272
3291
-2526
484
1276
-3849
-4105
-874
3748
-1595
1145
1022
4785
-3228
-3653
516
1146
463
-1756
2417
1007
-1307
-1297
-4612
1966
-3962
-1327
1932
4170
-1386
4349
-2271
-300
2725
-4248
1263
-1790
-1497
2452
-4387
2687
-2079
4200
1134
3512
-628
3888
3026
3584
-999
3387
-4770
-4493
4628
-4535
-2338
-3474
-671
3320
4
-792
-1020
-1879
1358
2034
3781
414
-3559
-1884
-2167
4626
341
-2759
-4031
-687
-4464
2804
-148
-1237
2361
2433
3842
1020
-3315
-3572
-3914
3338
283
-2295
4927
1200
-2261
1107
449
-2401
653
152
-1427
-4486
544
4583
-1043
-789
3918
4518
1091
-382
-2885
433
-4015
-1539
-4007
945
2978
-3929
2727
-3073
2960
-520
2166
-4646
456
502
4682
-3354
-1323
-2766
-2468
1464
4393
4424
-4328
1926
3202
-4805
4320
2983
-2884
286
-2626
-1731
-1117
3973
-2748
-3924
2133
-279
-1560
-2765
2498
-2742
-3571
1066
2250
3311
-3605
1732
-4290
2395
3683
2051
-3211
128
2316
2335
2853
-4242
-3673
4946
-1265
2745
-113
-4455
31
-4018
3845
-4610
-2514
4011
-4137
2383
-3336
-4420
3465
-4306
437
1298
-4588
2346
-2076
-3426
-1845
-1773
1959
-2420
-2011
-1493
3663
-3471
1133
-1834
-2694
2598
-321
-2189
-850
2407
2274
-23
3147
1607
-2874
-1624
-1627
-3661
-1236
4900
-4542
-457
-2014
2354
-1442
8
-2027
86
-1142
-937
-3267
-1411
-2974
100
4588
-825
2202
4591
-4122
1451
-329
3044
-1305
-1111
4332
-2386
146
1938
4772
773
3987
4696
3155
751
-2252
2350
368
3422
-549
-153
2013
-3320
3033
-1063
1610
1533
-91
-2842
-2042
-1076
2468
-1476
-1524
884
-2363
-1978
4810
845
3381
-799
4346
4738
2463
-1473
4016
-3199
430
-3149
-1134
2081
3259
-3483
365
-3067
-1753
-229
1254
-4644
-3493
1210
-158
-961
1996
-1126
1981
-4606
30
-4550
706
1831
-2909
1338
3442
-3502
-4802
4180
-1471
2747
1293
1175
1197
1760
1832
3864
1867
1526
-3581
3863
3545
4457
608
-150
1593
1934
1620
-3731
-4696
1432
4621
4354
-3001
-1039
-2845
4141
-4799
1452
2540
883
2031
-1052
3439
-1702
-764
-4735
4882
4541
-2032
-3915
1827
4079
3351
1314
-4613
-4800
2117
848
864
4494
-2985
-2133
-3931
634
-3844
-1320
2164
-624
-4900
-3823
-3739
-3825
-4045
956
-925
4743
-4158
-4915
3850
-3477
4087
-1708
2262
-29
3301
2128
3596
-1597
-4669
2628
-1780
4761
-3586
-2013
1446
702
-3790
-4292
-175
2808
1688
-192
1748
-3343
2233
-1921
-3164
-3908
-879
-2914
710
-4957
4984
-2186
-3072
-4013
-3626
-910
-1428
-4016
1051
-3441
-545
-3514
3440
-2379
3522
3066
659
-4375
2542
3903
1556
4687
3380
657
990
703
-353
42
2129
2190
-1728
-1478
4351
503
4641
768
-2529
4568
-2234
-1089
3119
-4852
-3715
-3686
-4224
-4167
2487
1417
676
2005
3853
-4834
4387
45
4824
3006
3631
-4411
-4850
-4459
66
828
-1957
2251
-1599
4379
4939
4489
1479
-4321
888
1746
-2592
121
336
3170
-3808
4273
-973
185
2253
995
-3101
3938
1757
-3943
-2554
-2102
-4668
-2247
-1678
-2646
-4717
3621
4013
274
-2474
1624
3135
-1647
-4396
-2882
2427
2783
-4771
4649
3766
1689
1296
-4699
1006
4390
4117
-4741
1677
2939
-2071
-4468
2581
-327
-4887
-3284
2624
-174
2852
1291
-4407
1859
-513
2139
-858
-3048
4945
-1429
1037
-512
-2546
3157
1248
1686
-1269
929
1099
481
-3636
4215
4932
-1788
413
4786
-5
1315
3081
-1587
3694
-4752
1486
256
-4968
1982
3317
4961
2411
3970
-1460
-235
-2575
-4432
3658
-4846
2372
2740
4143
4446
-1316
-4701
4934
-1012
3063
618
-483
3021
-629
-46
-2107
352
-612
559
-1563
-3422
2495
-1670
-1187
-63
-929
-3463
-2818
549
4210
-964
2988
1218
-2125
4183
3062
-3550
-1019
-2209
3833
3569
-2457
-1047
-988
-3009
-2652
-4570
-154
4111
1080
2278
-3989
955
836
-3702
190
-1227
-4254
964
-2669
-420
-1255
-3158
-3900
23
-3020
-1245
4420
1951
3640
-2750
3636
-176
-2462
-1724
-53
-3330
-2062
3905
2259
1329
-1252
4781
-4599
-280
3011
-2480
-2416
-4837
-4598
3132
1672
183
-1140
-1768
-2450
4904
-3551
-2831
-3895
1773
4167
-835
-2375
-4117
1310
2803
-726
-4502
-3738
-4572
-2705
862
-972
1892
435
-3260
-375
4330
-2025
1502
-39
2080
3829
4507
3687
3785
290
-3858
2884
4563
1697
-180
1373
4188
3538
1376
4888
-1247
-152
2136
-2430
727
940
1837
2773
300
1919
-997
-1554
-3107
1440
4538
718
3156
-3337
3878
-4073
-3168
-2898
-2960
-1329
-3886
4428
-1035
2198
4956
2224
3400
354
4130
4153
3363
633
2916
4789
-4578
-1939
831
2818
3030
4578
1645
892
-3906
-3503
-1868
2771
71
2543
2634
-3888
-4208
-2490
308
-2429
-703
-3018
1716
4977
3776
3811
-1131
1529
-901
3356
1792
4396
-622
-1630
3675
-3689
-2437
3704
-1726
3617
-1584
-1233
-1330
-2762
-2146
-1254
4335
399
-1059
-4605
-1658
3000
1103
-584
-4245
-2278
-3229
-3270
1777
-2943
325
4987
-4435
-924
2608
3372
1719
4402
4014
4176
2692
-2449
3601
4798
-3967
4287
792
-3044
-4960
2276
977
3568
1912
4756
1101
-4496
-3249
-4103
-3870
-2476
2373
1158
-1897
4069
-1828
-980
2287
-1547
-4509
409
-4222
3815
-3029
2701
2382
4389
603
635
2637
-3000
4952
-74
1983
-654
-2708
-719
1660
-634
4841
1109
-2698
-114
-2772
-4249
4547
-586
-2824
2857
-1657
4834
-1195
-1694
-3180
-2178
2422
482
2332
-1393
-4123
1393
-3644
4542
-3268
3227
-4633
1804
4892
-1430
-2090
3265
-3091
-3936
-4389
-3429
-4659
-299
-4225
2449
522
-4851
-2551
-3165
660
-3777
-2324
4748
4575
3330
2772
2948
2296
-1159
-3964
4765
1599
-2690
1553
4371
360
-4237
2875
-1609
3368
3727
-4429
-242
-2005
-4970
-528
-4075
-2180
-2786
-3850
-239
4075
1814
1759
-596
-1178
841
3084
2586
-1943
-1907
3669
3133
811
-1548
-1536
4795
-1880
1228
-3694
2723
457
2237
-3290
-4623
2812
2582
104
-780
-249
1453
-2650
-2415
-3028
-3016
4506
-2273
1866
-1487
-2634
-1339
-1017
-2222
577
1085
627
1052
1527
2059
4986
4039
-1982
3627
1476
3031
-4740
-705
-4710
-463
3590
-2577
2191
1003
907
1508
2955
2945
-363
2222
2561
-1973
1995
2467
525
141
3720
-1806
4190
-3700
-4528
-1447
-3728
-342
-1829
-1375
-3682
-1864
2187
-3489
-4202
-1148
-2417
3397
3657
4114
-614
1512
-1328
3127
1755
-1082
-2117
1256
-495
-3552
1929
-2664
-3818
4264
2358
-479
2018
-1763
-1338
4127
-696
2235
3908
-4821
818
-1847
-2569
4801
2145
-4788
782
-3445
4425
-1975
-2631
2362
3755
723
-2307
-1230
3587
-899
79
-4497
1574
-4503
-4279
166
-3616
4081
-2339
2635
4673
439
-3111
4647
1887
-2810
-3143
542
-443
1972
-139
-1712
4238
3544
2340
401
2979
4325
3267
-2953
202
4758
1733
-1086
3396
2199
-1084
-1714
1457
-4359
879
-3173
-4228
-4725
534
-1016
-3857
4329
-2567
-2127
3753
3800
-4812
-4494
-347
-3847
2678
-4700
-3687
-656
2830
4148
2214
-2535
4470
-297
-1322
-4453
-376
1343
998
-2968
-252
46
1787
-2098
-698
-2721
15
3632
-4784
-4618
-2061
-4171
-3142
1236
-3495
-3151
-451
4854
-1171
4156
1350
978
1461
4532
1674
2610
307
-2140
-2707
4817
-2680
2926
2377
1803
3307
1203
1815
1019
-4779
3353
-567
3138
-4966
193
997
-859
-4008
419
-2233
2775
-1116
2119
-1804
-2610
1743
-3494
3057
-941
1337
-3444
112
-2477
-1232
2085
3932
4847
-4401
2275
4529
2221
-1687
2023
1008
-1253
-4022
-3088
-673
-2949
-4914
136
563
1881
-2656
-1104
-3869
-4469
-3988
-2848
4012
-2095
-1666
-4672
403
-2394
-2979
1420
3912
-304
1909
-170
4106
-436
4318
2571
-4495
-2408
4762
4151
-1896
4561
1470
-1867
-1057
-3057
-2395
-2216
3989
-3404
1322
200
117
3120
2094
2836
3149
3283
-1406
4826
1068
4187
839
3945
-3619
-4987
3053
-3311
-1628
1704
3744
4766
2792
239
952
-4766
-1444
3623
-3213
3499
4988
2044
-2763
-428
-3628
4076
3554
-588
3857
-2648
3382
3732
-3024
1535
-1488
-2139
3344
1575
-4759
-1793
551
1179
3260
-4562
-2210
-3104
-4294
1186
1843
355
3772
2742
2652
3080
-960
-1937
-1343
215
-1596
1070
1538
2453
3572
3582
4677
-1480
-4172
-1648
-943
3303
3055
-3464
-1962
-2946
4377
350
-685
4566
4147
-3099
1089
4427
507
-491
-1308
-570
-1697
-3679
-1113
-2724
-4849
-3675
1409
1232
2638
-2986
-1374
3996
-1128
-1669
1548
1202
3377
4112
-815
-904
-4247
1781
-2410
-4033
4722
4059
4411
1619
-4040
-2579
4536
-3766
1076
1173
3869
-2718
1914
1004
1793
-4916
-2464
-2548
-1561
1435
3279
-2935
1519
908
1433
2636
3379
-887
2906
-2359
2707
4178
2994
-4408
-533
-1222
2078
3391
4290
4226
-2488
-2710
-3424
-4349
-3877
-4078
-411
-227
-1734
-1572
3293
-362
4864
4910
140
-4326
-3862
-4517
-92
-2441
3784
-1211
917
-3705
-1486
2126
-2653
-702
1691
1944
-935
-4941
3492
2768
1262
-2182
2820
-2916
566
3318
1496
-3386
-1168
1968
3079
3701
-962
532
3552
-1776
4121
3893
1915
-4005
-136
4599
222
-4593
374
3358
-1738
301
766
894
-3759
-1784
4235
4880
1883
1908
101
-4138
-3074
-3576
-4378
-765
3459
-4832
4403
4544
2873
2730
-3517
-4120
-2081
-2404
-801
-2806
-4127
1666
885
924
-1969
-2785
-932
-774
816
674
3556
4564
-1303
3162
-4155
3348
1092
765
4473
4497
-3905
2331
3300
-1711
-993
-875
-1949
-4393
1401
-484
-2620
632
-3525
-352
-1743
-3013
4405
224
-4655
4560
-1001
-4456
-4929
3994
-1190
-782
-261
673
1010
-3322
-4583
-1482
-977
-1555
2132
-2917
3207
682
-1315
4818
-883
2311
-2160
-4965
2798
1199
4085
717
1584
-1692
1659
1534
142
-2553
-2873
4042
1264
4720
3375
-672
-2509
-1909
767
2862
3280
-2787
-4711
-827
3834
-2318
2238
2594
-3019
-3597
2357
-3319
-3006
492
-2353
-4085
-598
620
-3801
2069
-1370
2088
-2663
-3868
-173
-2313
-4622
2143
2014
-4302
3710
196
2575
1870
-1901
2674
2184
-3773
-388
-185
-4
-4098
731
-4994
351
-3196
4760
2175
-4450
1405
-1449
4295
-2683
856
-340
-3965
3560
-3595
-3415
2767
2163
-4331
-3580
-4830
743
3263
2396
1000
4306
2017
-177
-3545
3094
1643
1323
-2486
1824
4651
-3135
989
-4733
-2726
-2040
-3207
-1042
3746
4953
-2377
378
4006
866
-3734
1005
645
-2503
-881
4447
-2108
-1881
-926
1715
1542
-3095
3449
-3966
-2980
4292
2004
4001
-3725
-2776
340
273
1644
-2870
2454
3677
-3376
-3155
-3002
1702
1586
348
318
3537
1988
735
-4457
3721
2002
-1217
-1698
-2808
4438
-2523
-3507
-2886
1191
-4414
-1500
4243
1174
-2850
1394
2539
-2465
3933
1234
3276
-2976
1871
-884
815
2923
-1257
-3294
-3462
-2505
-4783
2100
-2890
-2419
-3996
-3789
3350
-3590
-3233
-3440
4101
-4296
3780
-2311
1925
1087
3398
524
2317
383
-78
4448
4736
-2043
-41
966
1253
-1064
-873
-3729
-3484
-3681
-4663
4572
3526
2195
3489
-4660
3461
900
3972
2655
397
2315
-4951
3777
-4404
-2869
-1490
687
-864
-2720
-2372
2303
-262
444
4836
-295
-3953
3802
-2538
3039
890
1121
3060
-2788
3181
-415
-1032
-4580
1118
-4201
-2050
-3978
3288
-1866
1257
-1110
2592
663
4134
1726
2737
-1079
3406
415
5000
713
-4231
4846
-2328
-3987
-287
2481
-4667
4735
-2814
-430
-3430
423
4097
931
-1803
-3767
-395
4577
2496
-2316
3325
3409
1509
-878
-3947
4678
-1437
3173
4671
-30
4879
-4023
-3645
-424
-421
-4549
1474
2827
2446
-4774
4703
2513
2485
242
3124
-2350
1138
2469
1108
1753
560
-3160
4267
2834
2353
-1727
4410
-3350
-120
2321
-565
1838
4360
-940
-3544
-3649
-2348
2269
814
-81
1840
-514
1506
2108
3643
4113
1468
2796
-2813
375
2597
-1639
4276
1060
-2031
-2187
-3775
-2176
-3930
-3881
-416
3917
1190
1364
-4835
-199
-3283
-2001
-1813
4697
-4886
-499
1148
-2469
-4327
-706
4154
-3509
1514
-70
3820
-1817
4198
1029
3029
-1317
2864
-96
2
1897
-620
1427
3871
-4027
3166
-3451
-3736
-1353
897
361
804
3218
-478
-3852
-1112
4343
-3732
4669
-3887
1571
2025
-1709
4733
2077
-3264
-4604
-4388
-4285
-3432
-1680
1111
1366
-4238
-2899
-3455
1609
2865
-4213
1865
4435
-2875
4763
-1122
979
4985
2814
1104
-3568
3751
4334
3541
-1324
3858
-2601
-3212
4362
-969
2475
-4552
4719
2967
-4818
-3662
-1815
4162
-2296
-776
2753
-547
3731
-1504
-3090
2806
-1129
-283
1328
2212
1397
-1058
-346
-4370
2990
-3273
4000
-759
-3614
-2066
3806
-3431
4979
-1235
-187
1139
-908
2880
1976
-2600
-3141
4730
-3840
4885
1775
-3765
-1264
1034
-507
4728
-1616
3370
-3367
-981
-4912
4080
-4959
1330
-2640
-1646
-967
-3096
-3795
2291
-4689
339
-4589
2842
3240
4220
-751
4838
-3118
-211
-4747
-4955
-2155
3043
-1062
-1761
2797
-619
-2289
2769
-1883
-237
-3314
4490
2336
-3490
-4871
576
-3396
-1239
-2604
-4952
-2306
2048
1776
4554
1891
1124
-2369
4347
80
-3317
-3054
-532
1255
-3472
-1106
-3263
-3882
-810
-4116
2839
410
-3968
4886
-4442
-4424
17
-2731
4169
746
3895
-4163
-4386
842
4444
1493
-3815
646
-2757
-2141
873
2516
2288
-2747
2480
-686
-444
-1502
3602
-4720
1403
1073
2429
-4152
2390
3040
-1615
-4721
1539
-2902
4414
-3254
-3566
3174
-2085
-3170
4030
-3797
-212
2438
-4188
2319
-3286
-3794
-3434
-2657
4164
2365
396
4301
957
1846
-4221
-2614
4262
-4815
-3800
-3588
992
3816
-88
-2470
4525
194
1047
-4400
-4648
-1878
-3830
2617
-1231
-360
-3208
-4187
4992
-816
219
-3999
-1992
-2753
-2433
-2825
-2446
3194
-2341
-318
-1503
70
3810
12
-4126
2227
1744
3664
-1189
223
1868
-4780
-333
-3460
-2682
3703
-4574
-766
3481
913
1657
-1558
2007
4385
4404
-4173
3935
2632
-1401
3256
2705
370
-4397
511
-221
-4501
1113
-18
-778
-4568
-106
207
319
4806
-563
-2507
-2702
4700
-498
-272
21
2264
2956
1458
971
3843
-3220
1818
-1158
-1342
1141
3299
-1332
4576
591
2076
2444
3626
553
1770
2036
-4569
7
4530
1348
-3475
41
-89
83
3065
2401
-4440
-4649
-1280
-3986
-4025
-2124
4086
2545
3362
4118
2947
-3334
4769
2550
-3892
-4246
3032
-2738
-2035
3513
514
4701
-1417
704
1402
-3897
-1853
-786
-216
-2945
-4557
1268
-3326
1950
-4147
-433
-442
-3089
2188
335
3968
-15
-4021
3600
1705
3428
43
-2585
-2843
-2647
-4038
188
1480
3521
1049
-2534
1696
4115
2490
-1387
4228
-2451
982
776
1828
2752
-1800
167
-1904
3647
1694
-1759
-1145
2333
-3479
1678
-24
3691
-593
-3782
3342
-1311
-3038
1267
-2790
-2424
-2390
-2144
-4532
54
-3633
-1520
-1392
533
867
-2151
-2712
1829
2538
-2930
-3889
1086
-162
1122
4770
-3402
-2781
-2455
893
-2625
39
-3701
4675
2436
-4267
3831
2147
3455
1231
1507
-2347
-663
-1408
349
4052
-2293
4133
-3499
-3743
1036
-597
4557
-419
3297
2049
1617
4844
2681
4679
281
1063
-2967
3002
-948
-1831
4252
1067
-1394
1600
817
-3427
2790
4811
2027
4449
1634
-3617
-4962
4534
-3193
-2225
2878
-2463
2759
-1114
1226
165
2824
3722
-10
1788
-1282
520
1142
-928
-2119
4314
-4698
4105
-813
-1862
125
-418
1195
3665
4430
3208
3110
-518
923
4091
-4142
-4438
-1931
-339
-4581
-2478
-991
1151
4303
-715
-4255
3867
-2632
655
905
-3927
-4301
-2268
-3745
3097
2120
-4250
-4773
-1212
-3814
3606
4259
-123
98
3248
363
3693
4741
4648
1072
-1295
-2036
-3893
-2796
-4927
280
-2385
1155
-4730
-3408
-3859
-670
-4369
-144
2189
2554
-206
412
-3642
27
1491
-3181
1568
4922
3930
-377
-3052
1090
4077
-4691
2309
755
4199
-1578
4876
-3501
-263
3474
-3519
3333
-2367
-1003
4639
4017
2268
-165
636
3429
-2211
2387
1997
2850
-1774
-2527
1444
-4719
-1693
-986
4275
-2319
4514
4784
-4410
-3401
-2696
3468
2236
275
3937
-3481
1628
882
-4374
-3251
-2126
-2368
-391
1833
-3187
-1240
936
34
156
-2665
-4761
3910
-3758
-909
1965
4206
-3876
1083
-4601
2308
4812
3949
4606
-4617
-3119
2888
4955
3921
-4855
-3352
972
3856
2691
-124
4219
-4786
-1841
2242
-1285
1735
420
-4889
4732
-4315
-4986
-1033
-4108
-4670
2225
4193
-4767
-2602
-2188
3540
1301
2696
3952
2860
-1769
1771
-1326
-1319
-891
-3410
-623
4443
-464
-938
2062
-984
-3346
4024
-4029
-3606
561
-2113
59
2897
3414
-4809
1235
-2403
3205
259
-1081
2343
4645
-4252
4600
-4449
3898
2786
-4638
-197
-4629
2247
-3867
-4030
4407
-753
2491
2885
-3203
3086
-3420
-1335
609
246
-4547
-3237
312
763
326
-725
-3015
3014
-2832
-284
-2201
2776
3323
-2122
-3086
3862
-4673
2557
-569
1395
-4174
-37
734
4020
2826
-1176
2323
-601
-282
-1494
-854
2774
3198
-323
2356
385
-4143
3483
3741
-2458
-3190
-2075
-1549
-3741
1789
-763
2894
-473
2715
-2617
-2801
4028
-4398
-958
1278
3510
441
860
-4594
2400
4246
-757
-683
2141
-3132
-2564
-3206
4842
2061
3296
-4088
812
4054
-3407
-2956
2907
-783
-1467
-907
-386
-1796
1708
639
-3652
4484
4704
4051
-3990
-978
4823
3292
4526
-2783
4493
3646
3347
-4234
-3492
-1869
-1557
-80
-1664
3143
-1894
206
1494
2905
2966
-1013
208
-934
4788
4670
-4991
-4573
-4923
-4478
4551
14
-1655
-2203
-1525
-610
-86
3438
1911
3502
-1395
689
297
3054
2559
-1567
-1607
-160
3605
3562
-1984
4257
1662
-126
-1262
4982
2337
4485
3225
-889
3048
4972
2194
4119
799
4676
-1246
2893
2973
-3100
-1372
1769
-3003
-140
4394
1884
-403
-2934
1033
-3894
-1436
4779
-1197
-2030
-2432
4305
-1147
-3098
4221
-2740
775
3866
1722
1764
-1409
-2393
-431
-947
-1054
487
-1871
2954
-4175
3758
-3669
2625
-4868
-1592
-849
2369
4277
92
-1258
107
701
1631
-4586
2551
3599
151
2121
-1048
1011
76
4331
2232
-3461
3423
-968
2379
1290
-1439
2900
-1216
2770
684
-116
932
1945
-2165
846
2935
1379
4858
1445
2682
-1024
1128
2917
3112
2478
-3542
-2158
4008
3685
3965
1097
2052
-1094
4713
4924
642
-3710
3761
-1823
1064
-755
2112
4321
1623
-3750
-559
3892
4869
203
-2232
4618
3767
3980
-1839
-1484
-848
4624
-4634
1438
1540
-4114
-1138
-4631
-2915
-1795
-4466
-1771
-1278
1964
691
1258
-2080
4104
-1457
-4492
-3084
4925
178
123
2999
906
-310
-40
-4841
-4891
493
-862
3629
-3198
2533
-4811
-3923
-4931
2144
2384
-1183
-1021
3549
-3419
-2929
-2374
-3357
4372
902
2020
-4895
-1550
2348
-3821
874
1772
1676
2883
451
-3942
1147
1649
-3092
4662
-4350
-3140
1115
761
-357
-1152
-1385
4466
753
3708
-3082
2497
-4775
3561
-3607
-3779
1778
-4109
-797
-1243
-1426
-2920
3364
-1640
494
-64
-4806
2192
-3309
-1833
1611
3967
-2578
93
-4814
-4286
-4989
-4405
-3062
-711
-4325
3946
-4765
-730
-721
-2966
-1008
-1369
-4357
2579
2398
3271
3343
1725
2890
4845
-2173
-1900
948
-3704
-1540
4930
-1384
3592
661
2206
599
3523
-1182
1860
3419
-871
-2660
-3078
-1234
-2637
-3678
-4415
3653
-2667
-1299
3266
-3146
4608
-2128
-3292
-4615
-1300
-1083
-1850
-667
2035
4941
210
-1906
2111
4256
1906
103
-1462
1443
-1807
3407
-2971
3451
-4065
-3222
4056
-1719
3316
-1863
-3217
1269
-2411
2650
-1061
3104
1284
-291
-3560
-3601
-3485
-3612
-3843
-486
2424
3716
-1109
1308
-4094
-1221
4378
1283
3100
372
-1470
1963
4759
-3068
-396
4978
-4755
3051
-4842
3874
4462
-3860
-1872
4522
-1947
134
-793
3179
4055
489
-2422
-4715
-1477
-1533
688
-1499
-3456
2006
-1186
2394
2413
-1256
1990
-3534
255
84
-4371
1320
-3880
2748
4749
1369
910
-3608
1663
-4330
-4278
-1496
685
-2983
-4732
4543
379
788
4500
-4488
2972
-309
1809
-3428
3559
2213
-1932
-2007
4737
-1425
-2864
1531
3172
-1075
4914
-2697
64
4727
-4674
2462
-716
139
-4681
3346
-4937
-516
3566
-951
-2524
3735
1640
-3928
-2903
-2713
-1346
2991
-4281
3145
3941
-841
-1349
-2169
1796
1907
-1641
-4216
4460
1220
55
4163
-916
4367
-1201
3421
-1068
-4879
1805
679
4380
-1898
-1544
-298
1198
-2859
-2199
4546
709
-4500
-131
-3993
669
3494
-151
-2499
-1229
575
745
-2089
-885
1439
-4482
3717
4731
2631
664
3992
1734
3009
2086
4174
310
-2871
4877
4632
4535
3339
1387
-2175
3113
-617
-2923
-762
-579
-4520
2886
1428
-2822
-4942
3740
-4873
-1167
3630
3712
-2248
-3134
3813
109
-4089
2877
-3979
3447
-108
1905
2816
-3087
2186
512
987
-166
-927
-872
-446
-1660
-3756
-1579
4338
-4984
-1289
1852
-25
-3070
830
1714
-4191
-2283
-98
-2418
-508
-4178
-1350
-3621
3505
324
2710
-3663
2181
2654
2889
-4314
2714
427
4861
2680
4920
3213
-2121
-3885
-1851
-3304
-524
3210
-4922
-895
-975
968
-404
-952
1876
-4565
946
2985
455
2621
2097
1162
1391
3635
-3348
4993
-4329
1137
446
1166
3188
-3565
2509
-1767
-3156
-4239
2750
-1752
4361
-69
3575
474
2656
-2439
1629
-577
-172
1931
3953
-1930
-2735
-4081
-2383
857
-3578
3038
-3921
4729
-3393
-4052
-4146
4234
-2537
-1695
518
-405
4889
1211
-2919
4849
-3342
-920
-1461
3115
2858
2859
2698
-2905
-3103
-3589
2397
-3561
-3861
-1154
-1479
32
-2191
454
-4322
-214
2846
3625
2239
-3594
-4426
-260
3830
-3665
329
-4020
2669
3825
2788
1562
-2444
-2299
3557
-1040
1473
4633
-251
-2323
827
-4626
3787
-2039
-4141
1603
-209
-2330
-1865
-1996
1530
-1910
4680
-4479
2022
1820
-1809
-3186
2639
-3747
2075
-1139
-781
2406
1618
-919
-1149
2046
-102
3750
-2123
3854
-2789
-3310
-2984
-2896
1918
4636
3622
1703
-4521
3418
-639
1717
-3723
-4642
1962
2570
-869
-2052
1095
4511
250
-434
476
941
-2893
521
-2063
-156
1751
-4729
-3660
-886
214
-337
35
2428
-2633
-4348
-3121
-1606
-3817
-1582
4617
1018
1956
4881
4084
-3505
-2118
90
106
85
-4816
2535
757
-1419
3024
-1758
-3898
-3573
-409
-2948
4464
4043
-3841
-2275
3413
53
-592
3907
3416
1178
-1244
1209
-4310
4545
-210
3068
-1705
-1653
-400
-4037
-4640
4584
4582
3619
182
3328
3109
2123
3228
-4867
3607
3257
-1026
2471
3452
-1617
1149
-2764
-349
1144
2161
-1422
3749
425
2930
2182
2763
447
4674
4960
-3161
-466
-3250
-2849
-2045
-3053
501
-2466
-4548
-679
-710
3609
-1707
-121
-1532
2754
-1357
700
240
858
-4487
4757
1223
145
-4001
-364
-4373
2271
-1989
-3522
-2495
-914
4352
-736
-220
4764
2726
-1391
-3536
-3976
2266
-3442
-1530
898
-4734
-4364
1635
2272
4463
1518
-1009
3923
-4076
-632
3883
2982
-1620
4637
-3510
-1604
976
229
-2157
-4444
284
4933
1858
3432
-1413
-111
-630
1667
-2668
-3115
3899
3131
-4474
4702
3672
1615
2805
-556
-1713
-1699
-690
1230
1153
1642
-3891
-1041
-3722
-2097
4483
-1825
1372
3148
4615
-3397
-4864
-3381
2548
-2733
72
2649
3818
-621
2456
-2838
362
3576
-4728
-288
-4144
2902
2832
-1792
-1995
-2292
4298
-834
764
-4203
4791
-1446
4874
252
195
4131
1813
-3513
-1755
-1175
1943
-3981
2555
1706
-3277
719
-2964
267
-2700
-432
2448
3567
-4724
-1180
2466
-903
1669
-4452
4090
-613
-4544
4434
-2219
728
-4692
-530
2629
-1404
3262
1767
4488
3394
-1588
-905
-3676
4365
-3209
-3138
4048
3779
-3253
2252
460
4793
1156
-2481
-2459
3153
4975
2694
1084
-1794
168
2703
170
631
3332
4227
2489
3873
3017
1752
3702
132
-270
4562
-2629
1616
-4355
3819
-1772
1701
-1241
2616
4201
-2267
834
294
3616
-2314
4019
2146
3799
-2877
-591
-1816
4299
-4197
-3108
938
506
-58
1875
681
-4637
1758
2721
-3508
832
-3829
2848
1552
3010
2026
-1568
-1685
-1454
-2619
-412
-1006
-332
-4261
2553
1806
567
3305
2385
-4817
-1184
-3658
4694
-3593
467
3490
2530
-3436
-2823
-2260
820
-785
807
2728
-3123
2106
-4063
-259
2604
648
1658
-4996
-3071
-1603
4328
-1716
-912
-4772
-4204
2404
-65
-2802
1407
-3828
-3632
3828
-2202
-1344
1489
-2522
-777
-3133
4938
4381
-1448
-2784
3661
2840
-4705
-3467
-3890
-2770
4607
209
3943
-1941
-1445
-3511
-3231
-2642
-1924
-3247
3313
881
-1814
232
-169
-4910
-2684
3890
4531
2866
67
3056
721
-3486
-4748
-4893
4313
1862
-4308
-2106
1638
678
-3468
-4858
-1015
1606
388
3768
-3224
1295
3543
-1325
-3049
3990
3519
-3753
-4514
-4928
1332
2084
-2544
-3523
-3810
-1723
-2255
-644
-1031
-4274
3700
1447
3277
994
2089
4995
221
-1107
-3102
4456
33
-3698
-4619
-2593
-752
1324
345
-372
2355
667
-3047
1009
4413
3709
2302
4969
4129
390
68
-4062
-3640
-1291
-3822
-4035
4740
-2109
-4680
-900
2927
-893
470
4755
3914
4423
-2297
2277
257
1028
3936
-2841
2204
1251
3187
2050
-4447
2583
-3622
-3450
-4104
1026
-2231
-3126
4707
-3838
-455
-4664
2122
-4553
-1638
4797
-4190
2929
4471
699
473
-1562
-2355
-1121
1071
3233
-4862
3049
-4009
1157
386
-500
4873
-4433
-1827
3706
-4677
3745
-2207
-1735
-1136
-2305
-4336
-2861
-2332
-4584
4032
1312
-2931
4613
2096
40
-3279
-1073
-4498
-740
-301
-727
2761
-1440
-4335
2153
-4515
2658
-3770
-660
2155
-2373
-2322
-4531
3389
-243
1221
2503
-1972
1244
-3345
3231
-1281
2304
-2645
4851
-515
-1966
790
4635
4145
-2659
-1
-2607
-4379
3670
1382
-4507
3278
-1288
2995
1946
-955
607
-3680
1247
2322
-1362
-244
-2641
4524
1388
4436
-3182
2882
-4658
4358
-1963
3589
3217
865
-2083
-2334
4166
800
111
-3022
1346
-4416
-4540
-4693
-3465
-4338
4280
-1206
-718
-3470
3163
-2047
3642
-1882
-4939
-2172
3399
-2591
-99
-2769
3846
471
-3457
-823
179
1462
3254
-979
4640
-4093
-1634
3634
4249
-4160
4709
-3528
4171
4686
-1849
102
122
1413
3232
4453
3698
-754
1430
3247
-1378
-1455
3255
-4270
1277
-3300
3579
1053
-2493
4319
-3637
1193
623
244
-3955
-1458
-2055
247
1181
1392
2823
2443
-3785
-4716
-1760
-1976
1459
2092
-1270
3200
-2627
3037
528
928
-1090
-2666
-707
572
1305
-4684
4047
-3641
2519
-447
-425
3628
-224
4304
-861
-13
3025
4307
3742
2024
-822
2640
3793
-4079
-574
3137
199
-4214
-1569
-4313
490
-2739
-4262
2292
869
2169
-1777
-1333
2210
-3200
3106
3570
-4295
4368
-4056
2673
2029
2623
-4300
-1612
1551
583
-1390
-2065
448
1830
4445
3061
4831
-744
-1381
3759
1259
3509
-4536
2107
-3271
4060
-2508
-4311
1185
172
4650
1819
2492
-2492
-1573
-3865
3378
-3076
-1999
-1036
-1037
-3023
-4546
472
-452
3012
3902
-1575
-942
-3364
3290
-1993
3789
4082
-1202
-3703
-2471
732
2066
1355
2458
4646
4652
3614
656
2142
3443
-191
1585
-2991
3944
-575
-4043
-4003
-2942
332
-1971
-1812
-3752
3441
4663
3129
3826
1559
1594
3046
823
541
3558
2784
-4017
-2315
1184
-344
-1649
3237
-1071
-1198
-2250
1595
2226
3778
-1765
1299
-1574
-4356
861
3798
2996
-470
1094
803
4216
-2904
-193
4804
-3130
-4145
4491
1630
-137
56
-8
-1686
-2277
565
4973
3792
-2298
237
3028
3496
-3058
-3625
-3361
-4422
2345
4616
1380
3911
3588
-4745
-1501
3454
2965
-236
953
-2130
805
552
-4352
3827
-1935
2841
110
3530
-497
-4421
-286
-1673
4724
-234
-178
1622
-4518
-517
538
4661
4458
-1988
3736
-4947
-3602
-4036
2522
1023
-665
4062
-747
4232
-4885
-1483
4241
-3648
4592
3326
-480
4074
4236
116
4668
-4560
-225
1307
-4894
4324
1013
3186
-4564
1400
-824
-2894
-3064
2789
-1174
-2939
-770
2388
1812
4597
-4099
3284
2618
2813
1061
795
1994
4739
-267
-4206
-1100
137
-4195
1093
-945
-4004
-3901
-2282
2896
1602
-2168
3769
2157
1460
-4092
3855
-183
-3851
4771
934
-1219
-1876
-4244
-4360
2976
-3365
630
3645
89
-1166
-1352
3877
2063
3553
680
2201
1399
-4738
756
1890
-4462
-585
4573
3235
-77
1237
-1754
4027
-75
-798
-2815
2921
226
-1626
3184
-4392
2105
94
4855
3251
-3137
798
3281
835
-1194
416
1779
-2431
-4678
-3458
-42
-397
-843
3415
-4061
-2336
-802
4400
-4712
-4522
1893
-3793
4666
1386
-2860
405
-1472
-2839
2168
2318
3376
-1945
-4651
-3972
-3128
-2954
-1644
-3328
958
-4964
-1286
-2136
1012
-2421
-1951
-3659
-133
-6
508
2016
-2701
-3971
1243
3696
-4211
-959
-4454
-1721
2633
-2677
-2549
2556
-1732
4593
-502
-657
2941
3159
1303
-3414
4285
234
-129
-971
959
-3335
3551
-1498
-4412
-1456
3574
-2936
313
2041
4868
-892
407
-2586
-930
-3169
-3863
1811
-1601
-4258
4718
-3412
-1101
1632
2569
3836
432
-2515
157
3611
-855
-2091
-2274
-1267
4416
-4625
3913
2738
-1087
3466
-4762
1528
-1918
1442
-3197
3613
-1093
4475
837
-2852
2116
-4844
-852
1597
-678
-2901
3373
-2615
2344
1207
-633
-2402
2822
-2961
-1475
2801
4225
4815
-4303
-2596
-3690
-2628
-3390
496
849
1050
4638
-995
2103
-2533
4605
-2689
-1682
-2391
-31
-1836
4999
4974
-2362
4699
-449
-3201
-266
3837
4665
-931
-2999
-441
4642
-3403
-2312
2781
-3980
-2213
1661
-4342
1699
-3392
-3771
-4904
-4319
4419
-4808
-1207
-3262
1340
3258
-3548
1359
4586
4787
1580
1626
-3668
2205
-4149
-2996
-2672
-1614
3008
1712
-1340
1365
-1296
2057
2974
1484
-4797
-4764
-956
1281
29
-3871
614
-4044
220
4936
-739
3294
1550
3015
2562
-1228
2732
927
1700
-4205
-844
3064
-701
-399
-1684
4643
-383
-3911
581
-1517
2810
-4643
1653
1904
1690
2416
-3518
1625
2580
-51
3226
-3554
-3539
2819
-1364
-2245
4742
2970
384
-3356
-4207
317
3880
3366
2651
772
3595
-605
4004
-4641
4284
-1744
1016
4778
97
2179
3739
2825
1973
217
47
1100
2683
-302
-3958
-414
4487
582
1341
4155
4777
-576
-1858
-4011
-1028
4768
3067
-2811
69
-1733
-4179
-312
-4751
3473
854
2104
-4961
4631
-2453
495
4036
1274
-2082
-109
-1204
4250
4964
-3611
-4902
4044
-3842
707
4942
61
-4963
-4256
2138
-4275
-3977
4553
-2381
4931
3733
-2910
-2445
4569
3603
-551
-1218
4994
3991
2000
486
2523
2957
1683
-655
519
2203
-643
4474
4839
369
-45
4359
1999
2178
-4892
-4874
-4836
-336
-2775
3433
328
2961
-4266
3620
3958
546
-1162
1455
3794
-4026
-3010
4990
749
1334
-4071
3527
4108
-814
-3699
400
-2732
4894
4310
3246
3763
1362
2090
-429
-550
1567
2330
-3287
-3321
1497
4570
-4860
1273
4820
779
-2924
-2072
-27
-4909
-992
-1885
662
-4243
1747
-3811
-2406
126
3882
-20
-2982
2403
-4513
-3975
-4831
-3798
1159
1214
3565
1927
3782
-4353
4098
3197
1233
-402
-3691
720
527
-4218
-307
-4538
-4241
-179
-3685
1713
-829
-3042
-3453
-603
-2876
269
770
-2414
573
-2397
4459
3211
3349
-773
3788
1895
-3239
1826
-3646
2962
-3650
-3482
-2755
442
4124
-3538
-2048
-3306
1260
3282
4751
25
3654
-1679
3322
-3802
-3856
-4150
3146
-976
-2654
-3332
-2238
4860
-4975
-1997
-2358
2047
-253
-1014
2584
458
-3813
-1840
-3150
-1589
-4647
-2010
-4980
2043
2003
-1762
1478
-2691
-2004
637
1481
-2994
-3938
-3916
-3603
-132
50
2720
-3526
358
4983
3274
2577
3500
-1651
-2639
-4628
-1779
4213
-4709
3542
306
601
1521
-1464
-4654
-2830
-3178
3230
-4706
2799
-292
1001
2589
-311
1989
63
-3433
539
1356
-3362
-4053
-4704
-2475
-2068
119
-1959
-3139
-2287
-1423
2114
-2695
3176
-3754
4409
-1199
2294
-26
3726
4461
-3145
4962
315
2325
-167
-4317
-837
806
-4233
3838
-1088
-2249
1126
1577
-1821
-141
4388
-548
3458
505
3977
-3026
668
-1818
665
4664
-3884
2435
-3582
3357
-1934
2183
-1811
2347
-742
2619
3803
3354
3583
-2536
-4166
316
-1860
1947
-2251
-2346
3931
-350
-366
1736
3660
-4621
3547
-3913
-3282
-3252
82
4907
-898
1980
-4077
4094
1318
3524
4911
-3476
4976
-3677
-3780
-1298
2285
-4665
1313
10
4002
-2686
-1271
578
-1842
2558
-1038
4857
356
-1665
-4499
3528
462
4809
-3045
-1581
-427
515
-2827
-316
1740
-4760
-2327
-4938
3535
4374
-650
1416
1784
-1750
-4840
-138
2780
606
-2866
4401
-4046
-737
-982
1774
3177
-3371
4408
1495
3516
4311
-2364
-2073
-3154
-741
-4368
-1748
-771
965
245
-877
4905
-1358
-2922
1785
2700
-2009
4928
-1799
1212
1549
-1565
3196
1449
-676
176
3891
-3256
2573
4279
2228
1795
357
4998
822
-4101
2293
-290
-1185
3082
3652
3360
2363
4691
-3449
-561
2920
-4113
724
4996
4266
-4156
-3543
159
-2736
2756
4508
-4776
-2745
-2734
-3712
-1133
-2183
-2447
4370
983
2297
-1938
-2059
-3079
-3037
-2809
-2103
-795
-664
-4162
672
4556
3096
598
248
-3297
-4823
3469
-4750
602
-398
1176
-3301
4835
-410
3193
-245
2447
-708
4165
-2730
4913
1681
643
3668
-2912
-946
-4953
-1224
-2525
3126
-4148
-3834
2709
2439
-4284
1408
1333
57
1724
-1830
2476
-3050
-1739
-4926
3340
-238
-2112
715
-3159
2622
2450
4308
1648
-4810
-3210
4590
4063
2110
3983
1675
2423
-401
253
4792
617
711
-521
-2977
-4901
-4490
-4627
3638
996
-4541
-128
-3961
1040
-606
4138
3424
-2162
-1629
-4423
2596
-2972
641
-4169
-2613
-2952
786
2664
-2454
4774
-3257
1761
483
2891
-4611
3238
3195
-720
-604
-4758
2115
4800
3171
-1459
105
-2965
424
-4041
4302
-3214
4612
2898
-2143
-4236
4406
-2494
4092
808
3939
2149
697
-531
58
-389
1798
1250
-1226
-453
-1092
-1757
-3941
740
2648
-2256
-3232
3529
347
402
-2856
299
2992
1801
760
-4186
-317
889
1941
-3819
-1510
-4413
-1805
392
-2655
-599
-4504
1587
-2774
543
-2540
1164
1608
-3940
18
-4340
-2582
1633
-1645
-4271
2488
-1541
-1141
4323
-146
-1210
-4624
2517
-2728
-2520
758
-1418
4255
1565
615
-553
1692
4088
-2206
-3537
11
-3604
3099
2989
1240
2977
-4977
2339
3005
-371
-2041
-2096
-717
-3804
-4164
2099
-4362
-3864
3591
-4632
2011
1878
-1368
-541
180
3904
3453
1886
2102
611
1471
377
-2504
-2145
-1509
4061
4217
-1953
-3094
-3899
1398
868
2058
-202
3971
-3025
2817
-3721
-2051
-1846
243
903
-3248
3719
-1354
2711
155
-4012
855
-4883
1336
-1913
4940
-535
-218
-3796
-1819
1383
3515
-4283
-35
2502
3689
-661
-3584
2010
-1602
-760
-732
1246
529
2670
-3298
-4935
-2038
204
3578
-2376
133
-2959
426
-808
4139
1031
3959
-3805
-856
-729
-370
4657
2791
3019
-3466
445
4340
-250
4783
3426
1418
-4337
4589
479
1923
1935
2924
4045
-2006
1448
-2240
-3447
4581
-222
-3323
1543
-674
-52
-1103
2718
-3333
-648
695
-659
-1046
1589
-2086
2975
-4796
1523
-3152
-2317
-461
3821
-4829
-1537
-73
-846
-2779
1114
3472
4239
-4563
-1611
986
-2272
2218
2470
-2545
-440
461
3487
2536
1309
231
4828
730
-33
4467
-3059
3470
-3246
-3970
-4170
1482
4140
-4057
-1968
3637
-4587
2402
2042
-2719
1942
-4465
-3497
3982
-1151
-1981
-241
2829
-713
1695
-103
2981
-2258
1992
3976
1987
564
3118
2987
-3567
1140
-1852
-1970
-4272
748
739
-4484
-1956
-2179
-2729
644
2440
-4789
3604
1421
330
364
2998
4333
1123
-2557
-2269
2986
1879
-791
-1050
793
878
-3144
2295
2676
2811
4397
3199
-4259
-4636
1687
1261
-746
-1914
4705
-2891
-305
-3774
1532
-358
-4930
2787
-2518
3876
-2134
-1985
-2440
622
4540
225
3314
2477
4602
1342
-804
4181
371
1014
4123
2255
-3093
1566
4356
3219
3950
-1434
1249
1352
3886
1404
1245
4248
130
1499
-2084
2605
3884
3872
-4406
2668
-1312
-536
2950
-4768
-2482
-4555
124
-2310
535
-1301
-254
4950
-1492
-2
-3809
-155
2653
-1926
4421
2130
4366
4481
-1522
4382
3107
2320
464
2261
-3579
-2114
-1123
2915
2751
610
-1593
-1135
1731
-1287
-4139
-3368
-4803
3667
3239
935
3926
1204
-4769
1604
-594
-2741
-1895
821
-3129
-3630
4897
2393
3770
4057
-4219
1591
1985
2173
3507
4242
-4511
-4112
-2135
-4925
4373
-2855
3365
-2500
-59
-4899
-677
-228
2176
-4861
-1424
1431
-819
-3631
1578
2785
-4972
2913
-504
-3421
-3592
-3225
-1977
2734
238
2564
-4529
988
-3875
4107
2434
1229
754
-3413
-3276
-2405
-1379
4339
-4913
-3435
-3836
-3762
-4165
406
4386
4253
2590
-4183
4270
1286
4794
-555
-3366
-4124
801
298
2219
-1675
4692
3852
2993
2856
-4232
4634
785
74
3302
4890
-1979
-4976
4327
-4827
-278
1077
-1505
-1359
-647
-1826
1371
3942
4415
-2163
3699
1730
2150
-2304
-2623
2083
-699
-4839
-775
-1223
-4567
-1598
4230
-4291
1335
-3707
-2099
3680
-4597
3804
-4200
-4794
-3674
4040
-1782
-2888
-3380
-3391
3593
3122
1841
-4068
-2563
-2900
-2226
-232
-767
-1506
3476
-3017
4878
2758
-3726
-4727
-368
729
2200
-1514
-2992
556
2932
3165
4923
-2539
-4826
-4505
-4630
4288
-769
2764
-3984
1684
-3051
3018
-1452
-3959
-4703
3431
-3341
4505
-3546
-3305
3152
-1431
3103
-3478
-1917
4294
-790
2386
3111
1098
2451
4095
-965
3070
-3372
-1559
3269
-4675
-219
3004
2919
3139
-275
-3373
4893
-3587
3705
3229
-2378
2412
-4189
513
3901
-554
-315
2925
-2993
4442
3216
3747
-1208
2055
-3480
-258
1563
-4289
-2286
-4661
1252
1969
-2148
-1585
382
-2190
-3555
-3949
-3904
3738
1570
2015
-2692
-4324
-662
-3236
-3533
-274
-3740
2341
2809
-462
3796
-1119
-3854
1381
4567
-9
1069
2067
-3917
-1005
-2302
-3749
2546
-1400
-1102
1845
-2624
3463
-3664
-2611
-3883
-223
-4367
-1153
4865
1316
-2703
-1861
-406
51
149
-4676
-2300
-4277
-4749
-303
-1080
-4395
-3122
-1177
-1766
-4226
2367
-348
3047
-2506
2229
3445
557
-4571
4278
1569
3036
-2388
-731
3506
3337
-356
4240
-4558
3765
-4361
-4102
4025
-3355
737
-539
3250
-4491
2735
4693
-4345
-2434
-2058
2520
-475
-2448
1370
-4985
-4346
2217
624
-2152
2220
2872
4614
4204
-2594
4655
-2555
-787
3555
-2436
1027
-182
-4049
28
4293
4949
-689
4023
4528
-1213
-4854
914
3962
-3724
-4198
-3585
2760
-3816
1194
3117
1116
4840
-2015
-3406
853
-4118
1547
-809
3069
3824
2506
-3069
-587
4594
-1108
-4990
-4609
-4714
802
1419
3809